10
9
10
4
6
5
10
4
10
7
10
8
9
5
5
8
5
9
10
9
5
3
3
10
1
9
3
8
3
8
8
4
2
8
1
1
8
4
7
6
5
8
3
3
5
10
9
4
7
5
3
1
5
10
3
2
9
10
10
3
5
2
2
2
1
1
7
9
9
8
6
5
8
10
4
10
4
3
4
4
6
4
9
3
8
5
5
1
5
2
8
4
6
3
2
1
7
7
2
5
3
4
8
3
2
1
6
3
1
5
3
2
7
7
9
10
2
5
5
4
7
1
7
3
6
2
10
6
8
10
2
5
9
10
4
10
9
7
4
3
4
4
10
8
2
10
10
8
4
6
9
5
7
8
5
5
7
3
7
5
3
3
3
2
2
2
5
5
2
3
8
7
6
7
8
6
9
3
4
5
5
7
4
8
6
1
6
7
1
2
4
6
2
10
10
8
2
10
5
7
6
4
9
5
4
8
8
10
6
1
6
1
4
5
7
8
10
7
2
6
3
2
10
3
9
7
10
5
10
3
1
8
8
1
10
10
3
9
3
8
7
2
3
4
8
4
8
5
2
5
